,ASIANPAINT,AXISBANK,BAJFINANCE,BHARTIARTL,HCLTECH,HDFC,HDFCBANK,HINDUNILVR,ICICIBANK,INFY,ITC,KOTAKBANK,LT,MARUTI,NESTLEIND,RELIANCE,SBIN,SUNPHARMA,TCS,WIPRO
ASIANPAINT,0.0781547308321425,0.025186262090034835,0.01574007130055961,0.015294070709930836,0.0042681955626007965,0.025447366560705894,0.02147859207282895,0.012985990814061099,0.026095001367598892,0.005185188188978037,0.014031376577106932,0.02192461633064529,0.02487050840713396,0.02046535639010912,0.010348090889941486,0.01845418349023981,0.021770899616993272,0.014330926357021722,0.00902681427159841,0.007500363870087049
AXISBANK,0.025186262090034835,0.12873434557689054,0.04146651624285242,0.024309450461040952,0.000931372681214465,0.04461985406359652,0.047101182397470395,0.008655665831395197,0.07228748295374185,0.006437443830701885,0.01073536567017577,0.0488762105916158,0.06482607572027126,0.04116560845638847,0.008923972250373342,0.03447839752948773,0.0651237174101552,0.010614509719249293,-0.0004930557219403932,0.0025938812487664186
BAJFINANCE,0.01574007130055961,0.04146651624285242,0.12624915977358803,0.011810942156094953,0.002568282509987187,0.022897869001639603,0.021566974016590704,0.010832338156062351,0.030906119664090147,-0.0009446136444347002,0.013419477129030516,0.030210246695945634,0.030367965162268577,0.018426052216766367,0.009477061695608417,0.019856632855414145,0.03374441407782117,0.008443331305456577,0.00461477125047316,-0.0017901922082913366
BHARTIARTL,0.015294070709930836,0.024309450461040952,0.011810942156094953,0.1024486226301207,-0.0026925050985355903,0.02434191132111337,0.020070750623521292,0.004982793748556395,0.02921452386122016,0.004002466894510814,0.015737042402123175,0.021489334568337307,0.025875761935400844,0.017228932666707174,0.008352449673649582,0.023573591458704038,0.0285215643890702,0.007988451567826184,0.0018253317804668798,0.004901575096170885
HCLTECH,0.0042681955626007965,0.000931372681214465,0.002568282509987187,-0.0026925050985355903,0.08118644421353947,0.006574918690170948,0.004389758159842647,0.009171175212441113,0.004303828021617246,0.02551060011732195,0.0075046450903414,0.0028807779456922985,0.007309916140949729,-0.00012411237735830482,0.006893380322320627,0.008740082354775363,-0.0023735368308558857,0.009740905863141868,0.03236752043754533,0.029863206683985958
HDFC,0.025447366560705894,0.04461985406359652,0.022897869001639603,0.02434191132111337,0.006574918690170948,0.07829107521815316,0.035267626723772344,0.011638968364123727,0.03979487626717053,0.00632066640247887,0.019336421586332062,0.03501693151780111,0.03352052864981144,0.021452580222033456,0.008889975557364956,0.02464514792137649,0.03436248129743837,0.0142929325718417,0.007672021539696174,0.006788520130963266
HDFCBANK,0.02147859207282895,0.047101182397470395,0.021566974016590704,0.020070750623521292,0.004389758159842647,0.03526762672377235,0.05687953305914921,0.010894868781213067,0.041775491513415565,0.006012971194722213,0.017141973067334417,0.03538088857300297,0.037047306072587445,0.02458082018576179,0.005042202983411088,0.025627138080110228,0.032634014685335375,0.009871755673785171,0.0062275164676733035,0.003964750055004491
HINDUNILVR,0.012985990814061099,0.008655665831395197,0.010832338156062351,0.004982793748556395,0.009171175212441113,0.011638968364123727,0.010894868781213067,0.07165093935181277,0.011712558737739544,0.0031808118480174167,0.01481229460493282,0.013662713426366052,0.007907220227754756,0.010324523465224155,0.013628131462699157,0.008544357222808045,0.006298833983554912,0.0098006356979256,0.005786710225342741,0.006569335691090635
ICICIBANK,0.026095001367598892,0.07228748295374185,0.030906119664090147,0.02921452386122016,0.004303828021617246,0.03979487626717053,0.041775491513415565,0.011712558737739546,0.1044337573976467,0.009412937935165977,0.01790921767298214,0.04345041720960093,0.05720319652565492,0.034558868743884426,0.008752680325594541,0.03407202449715677,0.06115660382872306,0.01008982755366468,0.005985154247689378,0.004633594366734523
INFY,0.005185188188978037,0.006437443830701885,-0.0009446136444347002,0.004002466894510814,0.02551060011732195,0.00632066640247887,0.006012971194722213,0.0031808118480174167,0.009412937935165977,0.0958223526143681,0.0011951101255074786,0.0018493627648979156,0.009177543991950655,-0.000351134666785988,0.0026494462577848583,0.003441157264972739,0.006369692517996787,0.008272435632382056,0.02990606671836198,0.03126471285736667
ITC,0.014031376577106932,0.01073536567017577,0.013419477129030516,0.015737042402123175,0.0075046450903414,0.019336421586332062,0.017141973067334417,0.01481229460493282,0.01790921767298214,0.0011951101255074786,0.06449910803820594,0.015088306800029289,0.010460391431453801,0.008846946402282061,0.007579949447078586,0.010255679044012438,0.01229371333917955,0.011511166206880296,0.009935219305547187,0.004241942128619337
KOTAKBANK,0.02192461633064529,0.0488762105916158,0.030210246695945634,0.021489334568337307,0.0028807779456922985,0.03501693151780111,0.03538088857300297,0.013662713426366052,0.04345041720960093,0.0018493627648979156,0.015088306800029289,0.07842709032110297,0.04010308786456332,0.025208798488795852,0.005940765425594189,0.02346332362583002,0.039377042398578456,0.012682140830039053,0.002054175116722447,0.0020872179055504815
LT,0.02487050840713396,0.06482607572027126,0.030367965162268577,0.025875761935400844,0.007309916140949729,0.03352052864981144,0.037047306072587445,0.007907220227754756,0.05720319652565492,0.009177543991950655,0.010460391431453801,0.04010308786456332,0.09723019157884234,0.035509669348212584,0.006368237029816517,0.0348997925318351,0.05267416224263184,0.010355514978639036,0.0024824839923300326,0.003591349879788495
MARUTI,0.02046535639010912,0.04116560845638847,0.018426052216766367,0.017228932666707174,-0.00012411237735830482,0.021452580222033456,0.02458082018576179,0.010324523465224155,0.034558868743884426,-0.00035113466678598804,0.008846946402282061,0.025208798488795852,0.035509669348212584,0.08126488633551418,0.006245162483623803,0.020793897461773726,0.03380998629016434,0.00555931874671215,-0.0026818823315281136,-0.0003584420222921492
NESTLEIND,0.010348090889941486,0.008923972250373344,0.009477061695608417,0.008352449673649582,0.006893380322320627,0.008889975557364956,0.005042202983411088,0.013628131462699157,0.008752680325594541,0.0026494462577848583,0.007579949447078586,0.005940765425594189,0.006368237029816517,0.006245162483623803,0.04717547989578175,0.007539561140984671,0.007372036469274838,0.008488555256213752,0.006926758704618614,0.005165409478673124
RELIANCE,0.01845418349023981,0.03447839752948773,0.019856632855414145,0.023573591458704038,0.008740082354775363,0.02464514792137649,0.025627138080110228,0.008544357222808045,0.03407202449715677,0.003441157264972739,0.010255679044012438,0.02346332362583002,0.0348997925318351,0.020793897461773726,0.007539561140984671,0.06232411118961666,0.03517427838418493,0.007705974412413991,0.008530100209007258,0.008329149253705086
SBIN,0.021770899616993272,0.0651237174101552,0.03374441407782117,0.0285215643890702,-0.0023735368308558857,0.03436248129743837,0.032634014685335375,0.006298833983554912,0.06115660382872306,0.006369692517996787,0.01229371333917955,0.039377042398578456,0.05267416224263184,0.03380998629016434,0.007372036469274838,0.03517427838418493,0.1328560329798664,0.0004054813179866565,-0.0007346495889591811,0.0013806668672212508
SUNPHARMA,0.014330926357021722,0.010614509719249293,0.008443331305456577,0.007988451567826184,0.009740905863141868,0.0142929325718417,0.009871755673785171,0.0098006356979256,0.01008982755366468,0.008272435632382056,0.011511166206880296,0.012682140830039053,0.010355514978639036,0.005559318746712149,0.008488555256213752,0.007705974412413991,0.0004054813179866565,0.06877269605813825,0.008472400974249854,0.011009273469774988
TCS,0.00902681427159841,-0.000493055721940393,0.00461477125047316,0.0018253317804668798,0.03236752043754533,0.007672021539696175,0.0062275164676733035,0.005786710225342741,0.005985154247689378,0.02990606671836198,0.009935219305547187,0.002054175116722447,0.0024824839923300326,-0.0026818823315281136,0.006926758704618614,0.008530100209007258,-0.000734649588959181,0.008472400974249854,0.0675372331041519,0.029254408262970127
WIPRO,0.007500363870087049,0.002593881248766418,-0.0017901922082913366,0.004901575096170885,0.029863206683985958,0.006788520130963267,0.003964750055004491,0.006569335691090635,0.004633594366734523,0.03126471285736667,0.004241942128619337,0.0020872179055504815,0.003591349879788495,-0.0003584420222921492,0.005165409478673124,0.008329149253705086,0.0013806668672212508,0.011009273469774988,0.02925440826297013,0.07546606387278024
